-- Ciudades (copiadas desde baxer-n)
-- Formato: (id, created_at, province_id, name)
INSERT INTO cities (id, created_at, province_id, name) VALUES
('1', '2026-02-04 15:55:26.421', '1', '25 de Mayo'),
('2', '2026-02-04 15:55:26.424', '1', '3 de febrero'),
('3', '2026-02-04 15:55:26.425', '1', 'A. Alsina'),
('4', '2026-02-04 15:55:26.427', '1', 'A. Gonzáles Cháves'),
('5', '2026-02-04 15:55:26.428', '1', 'Aguas Verdes'),
('6', '2026-02-04 15:55:26.429', '1', 'Alberti'),
('7', '2026-02-04 15:55:26.43', '1', 'Arrecifes'),
('8', '2026-02-04 15:55:26.432', '1', 'Ayacucho'),
('9', '2026-02-04 15:55:26.433', '1', 'Azul'),
('10', '2026-02-04 15:55:26.434', '1', 'Bahía Blanca'),
('11', '2026-02-04 15:55:26.435', '1', 'Balcarce'),
('12', '2026-02-04 15:55:26.437', '1', 'Baradero'),
('13', '2026-02-04 15:55:26.438', '1', 'Benito Juárez'),
('14', '2026-02-04 15:55:26.439', '1', 'Berisso'),
('15', '2026-02-04 15:55:26.44', '1', 'Bolívar'),
('16', '2026-02-04 15:55:26.441', '1', 'Bragado'),
('17', '2026-02-04 15:55:26.442', '1', 'Brandsen'),
('18', '2026-02-04 15:55:26.444', '1', 'Campana'),
('19', '2026-02-04 15:55:26.445', '1', 'Cañuelas'),
('20', '2026-02-04 15:55:26.446', '1', 'Capilla del Señor'),
('21', '2026-02-04 15:55:26.448', '1', 'Capitán Sarmiento'),
('22', '2026-02-04 15:55:26.449', '1', 'Carapachay'),
('23', '2026-02-04 15:55:26.45', '1', 'Carhue'),
('24', '2026-02-04 15:55:26.452', '1', 'Cariló'),
('25', '2026-02-04 15:55:26.453', '1', 'Carlos Casares'),
('26', '2026-02-04 15:55:26.454', '1', 'Carlos Tejedor'),
('27', '2026-02-04 15:55:26.455', '1', 'Carmen de Areco'),
('28', '2026-02-04 15:55:26.457', '1', 'Carmen de Patagones'),
('29', '2026-02-04 15:55:26.458', '1', 'Castelli'),
('30', '2026-02-04 15:55:26.459', '1', 'Chacabuco'),
('31', '2026-02-04 15:55:26.46', '1', 'Chascomús'),
('32', '2026-02-04 15:55:26.462', '1', 'Chivilcoy'),
('33', '2026-02-04 15:55:26.463', '1', 'Colón'),
('34', '2026-02-04 15:55:26.464', '1', 'Coronel Dorrego'),
('35', '2026-02-04 15:55:26.466', '1', 'Coronel Pringles'),
('36', '2026-02-04 15:55:26.467', '1', 'Coronel Rosales'),
('37', '2026-02-04 15:55:26.468', '1', 'Coronel Suarez'),
('38', '2026-02-04 15:55:26.47', '1', 'Costa Azul'),
('39', '2026-02-04 15:55:26.471', '1', 'Costa Chica'),
('40', '2026-02-04 15:55:26.472', '1', 'Costa del Este'),
('41', '2026-02-04 15:55:26.473', '1', 'Costa Esmeralda'),
('42', '2026-02-04 15:55:26.474', '1', 'Daireaux'),
('43', '2026-02-04 15:55:26.475', '1', 'Darregueira'),
('44', '2026-02-04 15:55:26.477', '1', 'Del Viso'),
('45', '2026-02-04 15:55:26.478', '1', 'Dolores'),
('46', '2026-02-04 15:55:26.479', '1', 'Don Torcuato'),
('47', '2026-02-04 15:55:26.48', '1', 'Ensenada'),
('48', '2026-02-04 15:55:26.481', '1', 'Escobar'),
('49', '2026-02-04 15:55:26.482', '1', 'Exaltación de la Cruz'),
('50', '2026-02-04 15:55:26.484', '1', 'Florentino Ameghino'),
('51', '2026-02-04 15:55:26.485', '1', 'Garín'),
('52', '2026-02-04 15:55:26.486', '1', 'Gral. Alvarado'),
('53', '2026-02-04 15:55:26.487', '1', 'Gral. Alvear'),
('54', '2026-02-04 15:55:26.488', '1', 'Gral. Arenales'),
('55', '2026-02-04 15:55:26.49', '1', 'Gral. Belgrano'),
('56', '2026-02-04 15:55:26.491', '1', 'Gral. Guido'),
('57', '2026-02-04 15:55:26.492', '1', 'Gral. Lamadrid'),
('58', '2026-02-04 15:55:26.493', '1', 'Gral. Las Heras'),
('59', '2026-02-04 15:55:26.495', '1', 'Gral. Lavalle'),
('60', '2026-02-04 15:55:26.496', '1', 'Gral. Madariaga'),
('61', '2026-02-04 15:55:26.497', '1', 'Gral. Pacheco'),
('62', '2026-02-04 15:55:26.498', '1', 'Gral. Paz'),
('63', '2026-02-04 15:55:26.499', '1', 'Gral. Pinto'),
('64', '2026-02-04 15:55:26.5', '1', 'Gral. Pueyrredón'),
('65', '2026-02-04 15:55:26.502', '1', 'Gral. Rodríguez'),
('66', '2026-02-04 15:55:26.503', '1', 'Gral. Viamonte'),
('67', '2026-02-04 15:55:26.504', '1', 'Gral. Villegas'),
('68', '2026-02-04 15:55:26.505', '1', 'Guaminí'),
('69', '2026-02-04 15:55:26.506', '1', 'Guernica'),
('70', '2026-02-04 15:55:26.508', '1', 'Hipólito Yrigoyen'),
('71', '2026-02-04 15:55:26.509', '1', 'Ing. Maschwitz'),
('72', '2026-02-04 15:55:26.51', '1', 'Junín'),
('73', '2026-02-04 15:55:26.511', '1', 'La Plata'),
('74', '2026-02-04 15:55:26.512', '1', 'Laprida'),
('75', '2026-02-04 15:55:26.514', '1', 'Las Flores'),
('76', '2026-02-04 15:55:26.515', '1', 'Las Toninas'),
('77', '2026-02-04 15:55:26.516', '1', 'Leandro N. Alem'),
('78', '2026-02-04 15:55:26.518', '1', 'Lincoln'),
('79', '2026-02-04 15:55:26.519', '1', 'Loberia'),
('80', '2026-02-04 15:55:26.52', '1', 'Lobos'),
('81', '2026-02-04 15:55:26.521', '1', 'Los Cardales'),
('82', '2026-02-04 15:55:26.522', '1', 'Los Toldos'),
('83', '2026-02-04 15:55:26.523', '1', 'Lucila del Mar'),
('84', '2026-02-04 15:55:26.524', '1', 'Luján'),
('85', '2026-02-04 15:55:26.526', '1', 'Magdalena'),
('86', '2026-02-04 15:55:26.527', '1', 'Maipú'),
('87', '2026-02-04 15:55:26.528', '1', 'Mar Chiquita'),
('88', '2026-02-04 15:55:26.529', '1', 'Mar de Ajó'),
('89', '2026-02-04 15:55:26.531', '1', 'Mar de las Pampas'),
('90', '2026-02-04 15:55:26.533', '1', 'Mar del Plata'),
('91', '2026-02-04 15:55:26.535', '1', 'Mar del Tuyú'),
('92', '2026-02-04 15:55:26.536', '1', 'Marcos Paz'),
('93', '2026-02-04 15:55:26.537', '1', 'Mercedes'),
('94', '2026-02-04 15:55:26.538', '1', 'Miramar'),
('95', '2026-02-04 15:55:26.539', '1', 'Monte'),
('96', '2026-02-04 15:55:26.541', '1', 'Monte Hermoso'),
('97', '2026-02-04 15:55:26.542', '1', 'Munro'),
('98', '2026-02-04 15:55:26.543', '1', 'Navarro'),
('99', '2026-02-04 15:55:26.544', '1', 'Necochea'),
('100', '2026-02-04 15:55:26.545', '1', 'Olavarría'),
('101', '2026-02-04 15:55:26.546', '1', 'Partido de la Costa'),
('102', '2026-02-04 15:55:26.547', '1', 'Pehuajó'),
('103', '2026-02-04 15:55:26.549', '1', 'Pellegrini'),
('104', '2026-02-04 15:55:26.55', '1', 'Pergamino'),
('105', '2026-02-04 15:55:26.551', '1', 'Pigüé'),
('106', '2026-02-04 15:55:26.552', '1', 'Pila'),
('107', '2026-02-04 15:55:26.553', '1', 'Pilar'),
('108', '2026-02-04 15:55:26.554', '1', 'Pinamar'),
('109', '2026-02-04 15:55:26.556', '1', 'Pinar del Sol'),
('110', '2026-02-04 15:55:26.557', '1', 'Polvorines'),
('111', '2026-02-04 15:55:26.558', '1', 'Pte. Perón'),
('112', '2026-02-04 15:55:26.559', '1', 'Puán'),
('113', '2026-02-04 15:55:26.56', '1', 'Punta Indio'),
('114', '2026-02-04 15:55:26.561', '1', 'Ramallo'),
('115', '2026-02-04 15:55:26.563', '1', 'Rauch'),
('116', '2026-02-04 15:55:26.564', '1', 'Rivadavia'),
('117', '2026-02-04 15:55:26.566', '1', 'Rojas'),
('118', '2026-02-04 15:55:26.567', '1', 'Roque Pérez'),
('119', '2026-02-04 15:55:26.568', '1', 'Saavedra'),
('120', '2026-02-04 15:55:26.569', '1', 'Saladillo'),
('121', '2026-02-04 15:55:26.571', '1', 'Salliqueló'),
('122', '2026-02-04 15:55:26.572', '1', 'Salto'),
('123', '2026-02-04 15:55:26.573', '1', 'San Andrés de Giles'),
('124', '2026-02-04 15:55:26.574', '1', 'San Antonio de Areco'),
('125', '2026-02-04 15:55:26.575', '1', 'San Antonio de Padua'),
('126', '2026-02-04 15:55:26.577', '1', 'San Bernardo'),
('127', '2026-02-04 15:55:26.578', '1', 'San Cayetano'),
('128', '2026-02-04 15:55:26.579', '1', 'San Clemente del Tuyú'),
('129', '2026-02-04 15:55:26.58', '1', 'San Nicolás'),
('130', '2026-02-04 15:55:26.581', '1', 'San Pedro'),
('131', '2026-02-04 15:55:26.582', '1', 'San Vicente'),
('132', '2026-02-04 15:55:26.584', '1', 'Santa Teresita'),
('133', '2026-02-04 15:55:26.585', '1', 'Suipacha'),
('134', '2026-02-04 15:55:26.587', '1', 'Tandil'),
('135', '2026-02-04 15:55:26.588', '1', 'Tapalqué'),
('136', '2026-02-04 15:55:26.589', '1', 'Tordillo'),
('137', '2026-02-04 15:55:26.59', '1', 'Tornquist'),
('138', '2026-02-04 15:55:26.592', '1', 'Trenque Lauquen'),
('139', '2026-02-04 15:55:26.593', '1', 'Tres Lomas'),
('140', '2026-02-04 15:55:26.594', '1', 'Villa Gesell'),
('141', '2026-02-04 15:55:26.595', '1', 'Villarino'),
('142', '2026-02-04 15:55:26.596', '1', 'Zárate'),
('143', '2026-02-04 15:55:26.597', '2', '11 de Septiembre'),
('144', '2026-02-04 15:55:26.598', '2', '20 de Junio'),
('145', '2026-02-04 15:55:26.6', '2', '25 de Mayo'),
('146', '2026-02-04 15:55:26.601', '2', 'Acassuso'),
('147', '2026-02-04 15:55:26.602', '2', 'Adrogué'),
('148', '2026-02-04 15:55:26.603', '2', 'Aldo Bonzi'),
('149', '2026-02-04 15:55:26.604', '2', 'Área Reserva Cinturón Ecológico'),
('150', '2026-02-04 15:55:26.605', '2', 'Avellaneda'),
('151', '2026-02-04 15:55:26.606', '2', 'Banfield'),
('152', '2026-02-04 15:55:26.607', '2', 'Barrio Parque'),
('153', '2026-02-04 15:55:26.609', '2', 'Barrio Santa Teresita'),
('154', '2026-02-04 15:55:26.61', '2', 'Beccar'),
('155', '2026-02-04 15:55:26.611', '2', 'Bella Vista'),
('156', '2026-02-04 15:55:26.612', '2', 'Berazategui'),
('157', '2026-02-04 15:55:26.613', '2', 'Bernal Este'),
('158', '2026-02-04 15:55:26.614', '2', 'Bernal Oeste'),
('159', '2026-02-04 15:55:26.615', '2', 'Billinghurst'),
('160', '2026-02-04 15:55:26.617', '2', 'Boulogne'),
('161', '2026-02-04 15:55:26.618', '2', 'Burzaco'),
('162', '2026-02-04 15:55:26.619', '2', 'Carapachay'),
('163', '2026-02-04 15:55:26.62', '2', 'Caseros'),
('164', '2026-02-04 15:55:26.621', '2', 'Castelar'),
('165', '2026-02-04 15:55:26.623', '2', 'Churruca'),
('166', '2026-02-04 15:55:26.624', '2', 'Ciudad Evita'),
('167', '2026-02-04 15:55:26.625', '2', 'Ciudad Madero'),
('168', '2026-02-04 15:55:26.626', '2', 'Ciudadela'),
('169', '2026-02-04 15:55:26.627', '2', 'Claypole'),
('170', '2026-02-04 15:55:26.629', '2', 'Crucecita'),
('171', '2026-02-04 15:55:26.63', '2', 'Dock Sud'),
('172', '2026-02-04 15:55:26.631', '2', 'Don Bosco'),
('173', '2026-02-04 15:55:26.632', '2', 'Don Orione'),
('174', '2026-02-04 15:55:26.633', '2', 'El Jagüel'),
('175', '2026-02-04 15:55:26.634', '2', 'El Libertador'),
('176', '2026-02-04 15:55:26.635', '2', 'El Palomar'),
('177', '2026-02-04 15:55:26.636', '2', 'El Tala'),
('178', '2026-02-04 15:55:26.638', '2', 'El Trébol'),
('179', '2026-02-04 15:55:26.639', '2', 'Ezeiza'),
('180', '2026-02-04 15:55:26.64', '2', 'Ezpeleta'),
('181', '2026-02-04 15:55:26.641', '2', 'Florencio Varela'),
('182', '2026-02-04 15:55:26.642', '2', 'Florida'),
('183', '2026-02-04 15:55:26.643', '2', 'Francisco Álvarez'),
('184', '2026-02-04 15:55:26.644', '2', 'Gerli'),
('185', '2026-02-04 15:55:26.645', '2', 'Glew'),
('186', '2026-02-04 15:55:26.646', '2', 'González Catán'),
('187', '2026-02-04 15:55:26.647', '2', 'Gral. Lamadrid'),
('188', '2026-02-04 15:55:26.649', '2', 'Grand Bourg'),
('189', '2026-02-04 15:55:26.65', '2', 'Gregorio de Laferrere'),
('190', '2026-02-04 15:55:26.651', '2', 'Guillermo Enrique Hudson'),
('191', '2026-02-04 15:55:26.652', '2', 'Haedo'),
('192', '2026-02-04 15:55:26.654', '2', 'Hurlingham'),
('193', '2026-02-04 15:55:26.655', '2', 'Ing. Sourdeaux'),
('194', '2026-02-04 15:55:26.656', '2', 'Isidro Casanova'),
('195', '2026-02-04 15:55:26.658', '2', 'Ituzaingó'),
('196', '2026-02-04 15:55:26.659', '2', 'José C. Paz'),
('197', '2026-02-04 15:55:26.66', '2', 'José Ingenieros'),
('198', '2026-02-04 15:55:26.661', '2', 'José Marmol'),
('199', '2026-02-04 15:55:26.662', '2', 'La Lucila'),
('200', '2026-02-04 15:55:26.663', '2', 'La Reja'),
('201', '2026-02-04 15:55:26.664', '2', 'La Tablada'),
('202', '2026-02-04 15:55:26.665', '2', 'Lanús'),
('203', '2026-02-04 15:55:26.666', '2', 'Llavallol'),
('204', '2026-02-04 15:55:26.667', '2', 'Loma Hermosa'),
('205', '2026-02-04 15:55:26.668', '2', 'Lomas de Zamora'),
('206', '2026-02-04 15:55:26.669', '2', 'Lomas del Millón'),
('207', '2026-02-04 15:55:26.67', '2', 'Lomas del Mirador'),
('208', '2026-02-04 15:55:26.672', '2', 'Longchamps'),
('209', '2026-02-04 15:55:26.673', '2', 'Los Polvorines'),
('210', '2026-02-04 15:55:26.674', '2', 'Luis Guillón'),
('211', '2026-02-04 15:55:26.675', '2', 'Malvinas Argentinas'),
('212', '2026-02-04 15:55:26.676', '2', 'Martín Coronado'),
('213', '2026-02-04 15:55:26.677', '2', 'Martínez'),
('214', '2026-02-04 15:55:26.678', '2', 'Merlo'),
('215', '2026-02-04 15:55:26.679', '2', 'Ministro Rivadavia'),
('216', '2026-02-04 15:55:26.681', '2', 'Monte Chingolo'),
('217', '2026-02-04 15:55:26.682', '2', 'Monte Grande'),
('218', '2026-02-04 15:55:26.683', '2', 'Moreno'),
('219', '2026-02-04 15:55:26.685', '2', 'Morón'),
('220', '2026-02-04 15:55:26.686', '2', 'Muñiz'),
('221', '2026-02-04 15:55:26.687', '2', 'Olivos'),
('222', '2026-02-04 15:55:26.689', '2', 'Pablo Nogués'),
('223', '2026-02-04 15:55:26.69', '2', 'Pablo Podestá'),
('224', '2026-02-04 15:55:26.691', '2', 'Paso del Rey'),
('225', '2026-02-04 15:55:26.693', '2', 'Pereyra'),
('226', '2026-02-04 15:55:26.695', '2', 'Piñeiro'),
('227', '2026-02-04 15:55:26.696', '2', 'Plátanos'),
('228', '2026-02-04 15:55:26.698', '2', 'Pontevedra'),
('229', '2026-02-04 15:55:26.7', '2', 'Quilmes'),
('230', '2026-02-04 15:55:26.701', '2', 'Rafael Calzada'),
('231', '2026-02-04 15:55:26.703', '2', 'Rafael Castillo'),
('232', '2026-02-04 15:55:26.704', '2', 'Ramos Mejía'),
('233', '2026-02-04 15:55:26.706', '2', 'Ranelagh'),
('234', '2026-02-04 15:55:26.707', '2', 'Remedios de Escalada'),
('235', '2026-02-04 15:55:26.709', '2', 'Sáenz Peña'),
('236', '2026-02-04 15:55:26.71', '2', 'San Antonio de Padua'),
('237', '2026-02-04 15:55:26.712', '2', 'San Fernando'),
('238', '2026-02-04 15:55:26.714', '2', 'San Francisco Solano'),
('239', '2026-02-04 15:55:26.716', '2', 'San Isidro'),
('240', '2026-02-04 15:55:26.717', '2', 'San José'),
('241', '2026-02-04 15:55:26.719', '2', 'San Justo'),
('242', '2026-02-04 15:55:26.72', '2', 'San Martín'),
('243', '2026-02-04 15:55:26.722', '2', 'San Miguel'),
('244', '2026-02-04 15:55:26.724', '2', 'Santos Lugares'),
('245', '2026-02-04 15:55:26.726', '2', 'Sarandí'),
('246', '2026-02-04 15:55:26.727', '2', 'Sourigues'),
('247', '2026-02-04 15:55:26.729', '2', 'Tapiales'),
('248', '2026-02-04 15:55:26.73', '2', 'Temperley'),
('249', '2026-02-04 15:55:26.732', '2', 'Tigre'),
('250', '2026-02-04 15:55:26.733', '2', 'Tortuguitas'),
('251', '2026-02-04 15:55:26.735', '2', 'Tristán Suárez'),
('252', '2026-02-04 15:55:26.737', '2', 'Trujui'),
('253', '2026-02-04 15:55:26.738', '2', 'Turdera'),
('254', '2026-02-04 15:55:26.74', '2', 'Valentín Alsina'),
('255', '2026-02-04 15:55:26.741', '2', 'Vicente López'),
('256', '2026-02-04 15:55:26.742', '2', 'Villa Adelina'),
('257', '2026-02-04 15:55:26.744', '2', 'Villa Ballester'),
('258', '2026-02-04 15:55:26.745', '2', 'Villa Bosch'),
('259', '2026-02-04 15:55:26.747', '2', 'Villa Caraza'),
('260', '2026-02-04 15:55:26.749', '2', 'Villa Celina'),
('261', '2026-02-04 15:55:26.75', '2', 'Villa Centenario'),
('262', '2026-02-04 15:55:26.752', '2', 'Villa de Mayo'),
('263', '2026-02-04 15:55:26.753', '2', 'Villa Diamante'),
('264', '2026-02-04 15:55:26.755', '2', 'Villa Domínico'),
('265', '2026-02-04 15:55:26.756', '2', 'Villa España'),
('266', '2026-02-04 15:55:26.758', '2', 'Villa Fiorito'),
('267', '2026-02-04 15:55:26.76', '2', 'Villa Guillermina'),
('268', '2026-02-04 15:55:26.761', '2', 'Villa Insuperable'),
('269', '2026-02-04 15:55:26.763', '2', 'Villa José León Suárez'),
('270', '2026-02-04 15:55:26.765', '2', 'Villa La Florida'),
('271', '2026-02-04 15:55:26.766', '2', 'Villa Luzuriaga'),
('272', '2026-02-04 15:55:26.768', '2', 'Villa Martelli'),
('273', '2026-02-04 15:55:26.77', '2', 'Villa Obrera'),
('274', '2026-02-04 15:55:26.771', '2', 'Villa Progreso'),
('275', '2026-02-04 15:55:26.773', '2', 'Villa Raffo'),
('276', '2026-02-04 15:55:26.775', '2', 'Villa Sarmiento'),
('277', '2026-02-04 15:55:26.777', '2', 'Villa Tesei'),
('278', '2026-02-04 15:55:26.779', '2', 'Villa Udaondo'),
('279', '2026-02-04 15:55:26.781', '2', 'Virrey del Pino'),
('280', '2026-02-04 15:55:26.783', '2', 'Wilde'),
('281', '2026-02-04 15:55:26.785', '2', 'William Morris'),
('282', '2026-02-04 15:55:26.787', '3', 'Agronomía'),
('283', '2026-02-04 15:55:26.788', '3', 'Almagro'),
('284', '2026-02-04 15:55:26.79', '3', 'Balvanera'),
('285', '2026-02-04 15:55:26.792', '3', 'Barracas'),
('286', '2026-02-04 15:55:26.793', '3', 'Belgrano'),
('287', '2026-02-04 15:55:26.795', '3', 'Boca'),
('288', '2026-02-04 15:55:26.796', '3', 'Boedo'),
('289', '2026-02-04 15:55:26.798', '3', 'Caballito'),
('290', '2026-02-04 15:55:26.799', '3', 'Chacarita'),
('291', '2026-02-04 15:55:26.801', '3', 'Coghlan'),
('292', '2026-02-04 15:55:26.802', '3', 'Colegiales'),
('293', '2026-02-04 15:55:26.804', '3', 'Constitución'),
('294', '2026-02-04 15:55:26.806', '3', 'Flores'),
('295', '2026-02-04 15:55:26.807', '3', 'Floresta'),
('296', '2026-02-04 15:55:26.808', '3', 'La Paternal'),
('297', '2026-02-04 15:55:26.809', '3', 'Liniers'),
('298', '2026-02-04 15:55:26.81', '3', 'Mataderos'),
('299', '2026-02-04 15:55:26.811', '3', 'Monserrat'),
('300', '2026-02-04 15:55:26.812', '3', 'Monte Castro'),
('301', '2026-02-04 15:55:26.813', '3', 'Nueva Pompeya'),
('302', '2026-02-04 15:55:26.814', '3', 'Núñez'),
('303', '2026-02-04 15:55:26.815', '3', 'Palermo'),
('304', '2026-02-04 15:55:26.817', '3', 'Parque Avellaneda'),
('305', '2026-02-04 15:55:26.818', '3', 'Parque Chacabuco'),
('306', '2026-02-04 15:55:26.819', '3', 'Parque Chas'),
('307', '2026-02-04 15:55:26.82', '3', 'Parque Patricios'),
('308', '2026-02-04 15:55:26.821', '3', 'Puerto Madero'),
('309', '2026-02-04 15:55:26.823', '3', 'Recoleta'),
('310', '2026-02-04 15:55:26.824', '3', 'Retiro'),
('311', '2026-02-04 15:55:26.825', '3', 'Saavedra'),
('312', '2026-02-04 15:55:26.826', '3', 'San Cristóbal'),
('313', '2026-02-04 15:55:26.827', '3', 'San Nicolás'),
('314', '2026-02-04 15:55:26.828', '3', 'San Telmo'),
('315', '2026-02-04 15:55:26.829', '3', 'Vélez Sársfield'),
('316', '2026-02-04 15:55:26.83', '3', 'Versalles'),
('317', '2026-02-04 15:55:26.831', '3', 'Villa Crespo'),
('318', '2026-02-04 15:55:26.833', '3', 'Villa del Parque'),
('319', '2026-02-04 15:55:26.834', '3', 'Villa Devoto'),
('320', '2026-02-04 15:55:26.835', '3', 'Villa Gral. Mitre'),
('321', '2026-02-04 15:55:26.836', '3', 'Villa Lugano'),
('322', '2026-02-04 15:55:26.837', '3', 'Villa Luro'),
('323', '2026-02-04 15:55:26.838', '3', 'Villa Ortúzar'),
('324', '2026-02-04 15:55:26.839', '3', 'Villa Pueyrredón'),
('325', '2026-02-04 15:55:26.84', '3', 'Villa Real'),
('326', '2026-02-04 15:55:26.842', '3', 'Villa Riachuelo'),
('327', '2026-02-04 15:55:26.843', '3', 'Villa Santa Rita'),
('328', '2026-02-04 15:55:26.844', '3', 'Villa Soldati'),
('329', '2026-02-04 15:55:26.845', '3', 'Villa Urquiza'),
('330', '2026-02-04 15:55:26.846', '4', 'Aconquija'),
('331', '2026-02-04 15:55:26.847', '4', 'Ancasti'),
('332', '2026-02-04 15:55:26.849', '4', 'Andalgalá'),
('333', '2026-02-04 15:55:26.85', '4', 'Antofagasta'),
('334', '2026-02-04 15:55:26.851', '4', 'Belén'),
('335', '2026-02-04 15:55:26.852', '4', 'Capayán'),
('336', '2026-02-04 15:55:26.854', '4', 'Capital'),
('337', '2026-02-04 15:55:26.855', '4', '4'),
('338', '2026-02-04 15:55:26.856', '4', 'Corral Quemado'),
('339', '2026-02-04 15:55:26.858', '4', 'El Alto'),
('340', '2026-02-04 15:55:26.859', '4', 'El Rodeo'),
('341', '2026-02-04 15:55:26.861', '4', 'F.Mamerto Esquiú'),
('342', '2026-02-04 15:55:26.862', '4', 'Fiambalá'),
('343', '2026-02-04 15:55:26.864', '4', 'Hualfín'),
('344', '2026-02-04 15:55:26.865', '4', 'Huillapima'),
('345', '2026-02-04 15:55:26.867', '4', 'Icaño'),
('346', '2026-02-04 15:55:26.869', '4', 'La Puerta'),
('347', '2026-02-04 15:55:26.871', '4', 'Las Juntas'),
('348', '2026-02-04 15:55:26.872', '4', 'Londres'),
('349', '2026-02-04 15:55:26.874', '4', 'Los Altos'),
('350', '2026-02-04 15:55:26.876', '4', 'Los Varela'),
('351', '2026-02-04 15:55:26.877', '4', 'Mutquín'),
('352', '2026-02-04 15:55:26.879', '4', 'Paclín'),
('353', '2026-02-04 15:55:26.88', '4', 'Poman'),
('354', '2026-02-04 15:55:26.882', '4', 'Pozo de La Piedra'),
('355', '2026-02-04 15:55:26.883', '4', 'Puerta de Corral'),
('356', '2026-02-04 15:55:26.885', '4', 'Puerta San José'),
('357', '2026-02-04 15:55:26.886', '4', 'Recreo'),
('358', '2026-02-04 15:55:26.888', '4', 'S.F.V de 4'),
('359', '2026-02-04 15:55:26.889', '4', 'San Fernando'),
('360', '2026-02-04 15:55:26.891', '4', 'San Fernando del Valle'),
('361', '2026-02-04 15:55:26.892', '4', 'San José'),
('362', '2026-02-04 15:55:26.894', '4', 'Santa María'),
('363', '2026-02-04 15:55:26.895', '4', 'Santa Rosa'),
('364', '2026-02-04 15:55:26.897', '4', 'Saujil'),
('365', '2026-02-04 15:55:26.898', '4', 'Tapso'),
('366', '2026-02-04 15:55:26.899', '4', 'Tinogasta'),
('367', '2026-02-04 15:55:26.901', '4', 'Valle Viejo'),
('368', '2026-02-04 15:55:26.902', '4', 'Villa Vil'),
('369', '2026-02-04 15:55:26.904', '5', 'Aviá Teraí'),
('370', '2026-02-04 15:55:26.905', '5', 'Barranqueras'),
('371', '2026-02-04 15:55:26.907', '5', 'Basail'),
('372', '2026-02-04 15:55:26.908', '5', 'Campo Largo'),
('373', '2026-02-04 15:55:26.909', '5', 'Capital'),
('374', '2026-02-04 15:55:26.911', '5', 'Capitán Solari'),
('375', '2026-02-04 15:55:26.913', '5', 'Charadai'),
('376', '2026-02-04 15:55:26.914', '5', 'Charata'),
('377', '2026-02-04 15:55:26.916', '5', 'Chorotis'),
('378', '2026-02-04 15:55:26.917', '5', 'Ciervo Petiso'),
('379', '2026-02-04 15:55:26.919', '5', 'Cnel. Du Graty'),
('380', '2026-02-04 15:55:26.92', '5', 'Col. Benítez'),
('381', '2026-02-04 15:55:26.922', '5', 'Col. Elisa'),
('382', '2026-02-04 15:55:26.923', '5', 'Col. Popular'),
('383', '2026-02-04 15:55:26.925', '5', 'Colonias Unidas'),
('384', '2026-02-04 15:55:26.927', '5', 'Concepción'),
('385', '2026-02-04 15:55:26.928', '5', 'Corzuela'),
('386', '2026-02-04 15:55:26.93', '5', 'Cote Lai'),
('387', '2026-02-04 15:55:26.932', '5', 'El Sauzalito'),
('388', '2026-02-04 15:55:26.934', '5', 'Enrique Urien'),
('389', '2026-02-04 15:55:26.936', '5', 'Fontana'),
('390', '2026-02-04 15:55:26.938', '5', 'Fte. Esperanza'),
('391', '2026-02-04 15:55:26.94', '5', 'Gancedo'),
('392', '2026-02-04 15:55:26.941', '5', 'Gral. Capdevila'),
('393', '2026-02-04 15:55:26.943', '5', 'Gral. Pinero'),
('394', '2026-02-04 15:55:26.945', '5', 'Gral. San Martín'),
('395', '2026-02-04 15:55:26.947', '5', 'Gral. Vedia'),
('396', '2026-02-04 15:55:26.948', '5', 'Hermoso Campo'),
('397', '2026-02-04 15:55:26.95', '5', 'I. del Cerrito'),
('398', '2026-02-04 15:55:26.952', '5', 'J.J. Castelli'),
('399', '2026-02-04 15:55:26.953', '5', 'La Clotilde'),
('400', '2026-02-04 15:55:26.955', '5', 'La Eduvigis'),
('401', '2026-02-04 15:55:26.956', '5', 'La Escondida'),
('402', '2026-02-04 15:55:26.958', '5', 'La Leonesa'),
('403', '2026-02-04 15:55:26.96', '5', 'La Tigra'),
('404', '2026-02-04 15:55:26.961', '5', 'La Verde'),
('405', '2026-02-04 15:55:26.963', '5', 'Laguna Blanca'),
('406', '2026-02-04 15:55:26.964', '5', 'Laguna Limpia'),
('407', '2026-02-04 15:55:26.966', '5', 'Lapachito'),
('408', '2026-02-04 15:55:26.967', '5', 'Las Breñas'),
('409', '2026-02-04 15:55:26.969', '5', 'Las Garcitas'),
('410', '2026-02-04 15:55:26.97', '5', 'Las Palmas'),
('411', '2026-02-04 15:55:26.971', '5', 'Los Frentones'),
('412', '2026-02-04 15:55:26.973', '5', 'Machagai'),
('413', '2026-02-04 15:55:26.974', '5', 'Makallé'),
('414', '2026-02-04 15:55:26.976', '5', 'Margarita Belén'),
('415', '2026-02-04 15:55:26.977', '5', 'Miraflores'),
('416', '2026-02-04 15:55:26.979', '5', 'Misión N. Pompeya'),
('417', '2026-02-04 15:55:26.98', '5', 'Napenay'),
('418', '2026-02-04 15:55:26.982', '5', 'Pampa Almirón'),
('419', '2026-02-04 15:55:26.983', '5', 'Pampa del Indio'),
('420', '2026-02-04 15:55:26.985', '5', 'Pampa del Infierno'),
('421', '2026-02-04 15:55:26.986', '5', 'Pdcia. de La Plaza'),
('422', '2026-02-04 15:55:26.988', '5', 'Pdcia. Roca'),
('423', '2026-02-04 15:55:26.989', '5', 'Pdcia. Roque Sáenz Peña'),
('424', '2026-02-04 15:55:26.991', '5', 'Pto. Bermejo'),
('425', '2026-02-04 15:55:26.992', '5', 'Pto. Eva Perón'),
('426', '2026-02-04 15:55:26.994', '5', 'Puero Tirol'),
('427', '2026-02-04 15:55:26.996', '5', 'Puerto Vilelas'),
('428', '2026-02-04 15:55:26.997', '5', 'Quitilipi'),
('429', '2026-02-04 15:55:26.999', '5', 'Resistencia'),
('430', '2026-02-04 15:55:27.001', '5', 'Sáenz Peña'),
('431', '2026-02-04 15:55:27.002', '5', 'Samuhú'),
('432', '2026-02-04 15:55:27.004', '5', 'San Bernardo'),
('433', '2026-02-04 15:55:27.005', '5', 'Santa Sylvina'),
('434', '2026-02-04 15:55:27.007', '5', 'Taco Pozo'),
('435', '2026-02-04 15:55:27.009', '5', 'Tres Isletas'),
('436', '2026-02-04 15:55:27.01', '5', 'Villa Ángela'),
('437', '2026-02-04 15:55:27.012', '5', 'Villa Berthet'),
('438', '2026-02-04 15:55:27.013', '5', 'Villa R. Bermejito'),
('439', '2026-02-04 15:55:27.015', '6', 'Aldea Apeleg'),
('440', '2026-02-04 15:55:27.017', '6', 'Aldea Beleiro'),
('441', '2026-02-04 15:55:27.018', '6', 'Aldea Epulef'),
('442', '2026-02-04 15:55:27.019', '6', 'Alto Río Sengerr'),
('443', '2026-02-04 15:55:27.021', '6', 'Buen Pasto'),
('444', '2026-02-04 15:55:27.022', '6', 'Camarones'),
('445', '2026-02-04 15:55:27.024', '6', 'Carrenleufú'),
('446', '2026-02-04 15:55:27.025', '6', 'Cholila'),
('447', '2026-02-04 15:55:27.027', '6', 'Co. Centinela'),
('448', '2026-02-04 15:55:27.028', '6', 'Colan Conhué'),
('449', '2026-02-04 15:55:27.029', '6', 'Comodoro Rivadavia'),
('450', '2026-02-04 15:55:27.031', '6', 'Corcovado'),
('451', '2026-02-04 15:55:27.032', '6', 'Cushamen'),
('452', '2026-02-04 15:55:27.033', '6', 'Dique F. Ameghino'),
('453', '2026-02-04 15:55:27.035', '6', 'Dolavón'),
('454', '2026-02-04 15:55:27.036', '6', 'Dr. R. Rojas'),
('455', '2026-02-04 15:55:27.037', '6', 'El Hoyo'),
('456', '2026-02-04 15:55:27.039', '6', 'El Maitén'),
('457', '2026-02-04 15:55:27.04', '6', 'Epuyén'),
('458', '2026-02-04 15:55:27.042', '6', 'Esquel'),
('459', '2026-02-04 15:55:27.043', '6', 'Facundo'),
('460', '2026-02-04 15:55:27.044', '6', 'Gaimán'),
('461', '2026-02-04 15:55:27.046', '6', 'Gan Gan'),
('462', '2026-02-04 15:55:27.047', '6', 'Gastre'),
('463', '2026-02-04 15:55:27.049', '6', 'Gdor. Costa'),
('464', '2026-02-04 15:55:27.051', '6', 'Gualjaina'),
('465', '2026-02-04 15:55:27.052', '6', 'J. de San Martín'),
('466', '2026-02-04 15:55:27.054', '6', 'Lago Blanco'),
('467', '2026-02-04 15:55:27.055', '6', 'Lago Puelo'),
('468', '2026-02-04 15:55:27.057', '6', 'Lagunita Salada'),
('469', '2026-02-04 15:55:27.059', '6', 'Las Plumas'),
('470', '2026-02-04 15:55:27.061', '6', 'Los Altares'),
('471', '2026-02-04 15:55:27.062', '6', 'Paso de los Indios'),
('472', '2026-02-04 15:55:27.064', '6', 'Paso del Sapo'),
('473', '2026-02-04 15:55:27.065', '6', 'Pto. Madryn'),
('474', '2026-02-04 15:55:27.067', '6', 'Pto. Pirámides'),
('475', '2026-02-04 15:55:27.068', '6', 'Rada Tilly'),
('476', '2026-02-04 15:55:27.07', '6', 'Rawson'),
('477', '2026-02-04 15:55:27.072', '6', 'Río Mayo'),
('478', '2026-02-04 15:55:27.073', '6', 'Río Pico'),
('479', '2026-02-04 15:55:27.075', '6', 'Sarmiento'),
('480', '2026-02-04 15:55:27.076', '6', 'Tecka'),
('481', '2026-02-04 15:55:27.077', '6', 'Telsen'),
('482', '2026-02-04 15:55:27.079', '6', 'Trelew'),
('483', '2026-02-04 15:55:27.08', '6', 'Trevelin'),
('484', '2026-02-04 15:55:27.081', '6', 'Veintiocho de Julio'),
('485', '2026-02-04 15:55:27.083', '7', 'Achiras'),
('486', '2026-02-04 15:55:27.084', '7', 'Adelia Maria'),
('487', '2026-02-04 15:55:27.085', '7', 'Agua de Oro'),
('488', '2026-02-04 15:55:27.087', '7', 'Alcira Gigena'),
('489', '2026-02-04 15:55:27.088', '7', 'Aldea Santa Maria'),
('490', '2026-02-04 15:55:27.089', '7', 'Alejandro Roca'),
('491', '2026-02-04 15:55:27.091', '7', 'Alejo Ledesma'),
('492', '2026-02-04 15:55:27.092', '7', 'Alicia'),
('493', '2026-02-04 15:55:27.094', '7', 'Almafuerte'),
('494', '2026-02-04 15:55:27.095', '7', 'Alpa Corral'),
('495', '2026-02-04 15:55:27.097', '7', 'Alta Gracia'),
('496', '2026-02-04 15:55:27.098', '7', 'Alto Alegre'),
('497', '2026-02-04 15:55:27.1', '7', 'Alto de Los Quebrachos'),
('498', '2026-02-04 15:55:27.101', '7', 'Altos de Chipion'),
('499', '2026-02-04 15:55:27.103', '7', 'Amboy'),
('500', '2026-02-04 15:55:27.104', '7', 'Ambul'),
('501', '2026-02-04 15:55:27.106', '7', 'Ana Zumaran'),
('502', '2026-02-04 15:55:27.108', '7', 'Anisacate'),
('503', '2026-02-04 15:55:27.11', '7', 'Arguello'),
('504', '2026-02-04 15:55:27.111', '7', 'Arias'),
('505', '2026-02-04 15:55:27.113', '7', 'Arroyito'),
('506', '2026-02-04 15:55:27.114', '7', 'Arroyo Algodon'),
('507', '2026-02-04 15:55:27.115', '7', 'Arroyo Cabral'),
('508', '2026-02-04 15:55:27.117', '7', 'Arroyo Los Patos'),
('509', '2026-02-04 15:55:27.118', '7', 'Assunta'),
('510', '2026-02-04 15:55:27.119', '7', 'Atahona'),
('511', '2026-02-04 15:55:27.121', '7', 'Ausonia'),
('512', '2026-02-04 15:55:27.122', '7', 'Avellaneda'),
('513', '2026-02-04 15:55:27.123', '7', 'Ballesteros'),
('514', '2026-02-04 15:55:27.125', '7', 'Ballesteros Sud'),
('515', '2026-02-04 15:55:27.126', '7', 'Balnearia'),
('516', '2026-02-04 15:55:27.127', '7', 'Bañado de Soto'),
('517', '2026-02-04 15:55:27.128', '7', 'Bell Ville'),
('518', '2026-02-04 15:55:27.129', '7', 'Bengolea'),
('519', '2026-02-04 15:55:27.131', '7', 'Benjamin Gould'),
('520', '2026-02-04 15:55:27.132', '7', 'Berrotaran'),
('521', '2026-02-04 15:55:27.133', '7', 'Bialet Masse'),
('522', '2026-02-04 15:55:27.134', '7', 'Bouwer'),
('523', '2026-02-04 15:55:27.136', '7', 'Brinkmann'),
('524', '2026-02-04 15:55:27.137', '7', 'Buchardo'),
('525', '2026-02-04 15:55:27.138', '7', 'Bulnes'),
('526', '2026-02-04 15:55:27.139', '7', 'Cabalango'),
('527', '2026-02-04 15:55:27.14', '7', 'Calamuchita'),
('528', '2026-02-04 15:55:27.141', '7', 'Calchin'),
('529', '2026-02-04 15:55:27.143', '7', 'Calchin Oeste'),
('530', '2026-02-04 15:55:27.144', '7', 'Calmayo'),
('531', '2026-02-04 15:55:27.145', '7', 'Camilo Aldao'),
('532', '2026-02-04 15:55:27.146', '7', 'Caminiaga'),
('533', '2026-02-04 15:55:27.147', '7', 'Cañada de Luque'),
('534', '2026-02-04 15:55:27.149', '7', 'Cañada de Machado'),
('535', '2026-02-04 15:55:27.15', '7', 'Cañada de Rio Pinto'),
('536', '2026-02-04 15:55:27.151', '7', 'Cañada del Sauce'),
('537', '2026-02-04 15:55:27.152', '7', 'Canals'),
('538', '2026-02-04 15:55:27.154', '7', 'Candelaria Sud'),
('539', '2026-02-04 15:55:27.155', '7', 'Capilla de Remedios'),
('540', '2026-02-04 15:55:27.156', '7', 'Capilla de Siton'),
('541', '2026-02-04 15:55:27.158', '7', 'Capilla del Carmen'),
('542', '2026-02-04 15:55:27.159', '7', 'Capilla del Monte'),
('543', '2026-02-04 15:55:27.16', '7', 'Capital'),
('544', '2026-02-04 15:55:27.161', '7', 'Capitan Gral B. O´Higgins'),
('545', '2026-02-04 15:55:27.162', '7', 'Carnerillo'),
('546', '2026-02-04 15:55:27.163', '7', 'Carrilobo'),
('547', '2026-02-04 15:55:27.165', '7', 'Casa Grande'),
('548', '2026-02-04 15:55:27.166', '7', 'Cavanagh'),
('549', '2026-02-04 15:55:27.167', '7', 'Cerro Colorado'),
('550', '2026-02-04 15:55:27.169', '7', 'Chaján'),
('551', '2026-02-04 15:55:27.17', '7', 'Chalacea'),
('552', '2026-02-04 15:55:27.171', '7', 'Chañar Viejo'),
('553', '2026-02-04 15:55:27.172', '7', 'Chancaní'),
('554', '2026-02-04 15:55:27.174', '7', 'Charbonier'),
('555', '2026-02-04 15:55:27.175', '7', 'Charras'),
('556', '2026-02-04 15:55:27.176', '7', 'Chazón'),
('557', '2026-02-04 15:55:27.177', '7', 'Chilibroste'),
('558', '2026-02-04 15:55:27.179', '7', 'Chucul'),
('559', '2026-02-04 15:55:27.18', '7', 'Chuña'),
('560', '2026-02-04 15:55:27.181', '7', 'Chuña Huasi'),
('561', '2026-02-04 15:55:27.182', '7', 'Churqui Cañada'),
('562', '2026-02-04 15:55:27.183', '7', 'Cienaga Del Coro'),
('563', '2026-02-04 15:55:27.184', '7', 'Cintra'),
('564', '2026-02-04 15:55:27.185', '7', 'Col. Almada'),
('565', '2026-02-04 15:55:27.186', '7', 'Col. Anita'),
('566', '2026-02-04 15:55:27.188', '7', 'Col. Barge'),
('567', '2026-02-04 15:55:27.189', '7', 'Col. Bismark'),
('568', '2026-02-04 15:55:27.19', '7', 'Col. Bremen'),
('569', '2026-02-04 15:55:27.191', '7', 'Col. Caroya'),
('570', '2026-02-04 15:55:27.192', '7', 'Col. Italiana'),
('571', '2026-02-04 15:55:27.193', '7', 'Col. Iturraspe'),
('572', '2026-02-04 15:55:27.195', '7', 'Col. Las Cuatro Esquinas'),
('573', '2026-02-04 15:55:27.196', '7', 'Col. Las Pichanas'),
('574', '2026-02-04 15:55:27.197', '7', 'Col. Marina'),
('575', '2026-02-04 15:55:27.198', '7', 'Col. Prosperidad'),
('576', '2026-02-04 15:55:27.199', '7', 'Col. San Bartolome'),
('577', '2026-02-04 15:55:27.2', '7', 'Col. San Pedro'),
('578', '2026-02-04 15:55:27.202', '7', 'Col. Tirolesa'),
('579', '2026-02-04 15:55:27.203', '7', 'Col. Vicente Aguero'),
('580', '2026-02-04 15:55:27.204', '7', 'Col. Videla'),
('581', '2026-02-04 15:55:27.206', '7', 'Col. Vignaud'),
('582', '2026-02-04 15:55:27.207', '7', 'Col. Waltelina'),
('583', '2026-02-04 15:55:27.208', '7', 'Colazo'),
('584', '2026-02-04 15:55:27.209', '7', 'Comechingones'),
('585', '2026-02-04 15:55:27.21', '7', 'Conlara'),
('586', '2026-02-04 15:55:27.211', '7', 'Copacabana'),
('587', '2026-02-04 15:55:27.213', '7', '7'),
('588', '2026-02-04 15:55:27.214', '7', 'Coronel Baigorria'),
('589', '2026-02-04 15:55:27.215', '7', 'Coronel Moldes'),
('590', '2026-02-04 15:55:27.216', '7', 'Corral de Bustos'),
('591', '2026-02-04 15:55:27.217', '7', 'Corralito'),
('592', '2026-02-04 15:55:27.218', '7', 'Cosquín'),
('593', '2026-02-04 15:55:27.22', '7', 'Costa Sacate'),
('594', '2026-02-04 15:55:27.221', '7', 'Cruz Alta'),
('595', '2026-02-04 15:55:27.223', '7', 'Cruz de Caña'),
('596', '2026-02-04 15:55:27.224', '7', 'Cruz del Eje'),
('597', '2026-02-04 15:55:27.225', '7', 'Cuesta Blanca'),
('598', '2026-02-04 15:55:27.226', '7', 'Dean Funes'),
('599', '2026-02-04 15:55:27.228', '7', 'Del Campillo'),
('600', '2026-02-04 15:55:27.229', '7', 'Despeñaderos'),
('601', '2026-02-04 15:55:27.23', '7', 'Devoto'),
('602', '2026-02-04 15:55:27.232', '7', 'Diego de Rojas'),
('603', '2026-02-04 15:55:27.233', '7', 'Dique Chico'),
('604', '2026-02-04 15:55:27.234', '7', 'El Arañado'),
('605', '2026-02-04 15:55:27.235', '7', 'El Brete'),
('606', '2026-02-04 15:55:27.236', '7', 'El Chacho'),
('607', '2026-02-04 15:55:27.238', '7', 'El Crispín'),
('608', '2026-02-04 15:55:27.239', '7', 'El Fortín'),
('609', '2026-02-04 15:55:27.24', '7', 'El Manzano'),
('610', '2026-02-04 15:55:27.241', '7', 'El Rastreador'),
('611', '2026-02-04 15:55:27.242', '7', 'El Rodeo'),
('612', '2026-02-04 15:55:27.244', '7', 'El Tío'),
('613', '2026-02-04 15:55:27.245', '7', 'Elena'),
('614', '2026-02-04 15:55:27.246', '7', 'Embalse'),
('615', '2026-02-04 15:55:27.247', '7', 'Esquina'),
('616', '2026-02-04 15:55:27.249', '7', 'Estación Gral. Paz'),
('617', '2026-02-04 15:55:27.25', '7', 'Estación Juárez Celman'),
('618', '2026-02-04 15:55:27.251', '7', 'Estancia de Guadalupe'),
('619', '2026-02-04 15:55:27.253', '7', 'Estancia Vieja'),
('620', '2026-02-04 15:55:27.254', '7', 'Etruria'),
('621', '2026-02-04 15:55:27.255', '7', 'Eufrasio Loza'),
('622', '2026-02-04 15:55:27.257', '7', 'Falda del Carmen'),
('623', '2026-02-04 15:55:27.258', '7', 'Freyre'),
('624', '2026-02-04 15:55:27.259', '7', 'Gral. Baldissera'),
('625', '2026-02-04 15:55:27.26', '7', 'Gral. Cabrera'),
('626', '2026-02-04 15:55:27.262', '7', 'Gral. Deheza'),
('627', '2026-02-04 15:55:27.263', '7', 'Gral. Fotheringham'),
('628', '2026-02-04 15:55:27.264', '7', 'Gral. Levalle'),
('629', '2026-02-04 15:55:27.266', '7', 'Gral. Roca'),
('630', '2026-02-04 15:55:27.267', '7', 'Guanaco Muerto'),
('631', '2026-02-04 15:55:27.268', '7', 'Guasapampa'),
('632', '2026-02-04 15:55:27.27', '7', 'Guatimozin'),
('633', '2026-02-04 15:55:27.271', '7', 'Gutenberg'),
('634', '2026-02-04 15:55:27.272', '7', 'Hernando'),
('635', '2026-02-04 15:55:27.274', '7', 'Huanchillas'),
('636', '2026-02-04 15:55:27.275', '7', 'Huerta Grande'),
('637', '2026-02-04 15:55:27.276', '7', 'Huinca Renanco'),
('638', '2026-02-04 15:55:27.278', '7', 'Idiazabal'),
('639', '2026-02-04 15:55:27.279', '7', 'Impira'),
('640', '2026-02-04 15:55:27.28', '7', 'Inriville'),
('641', '2026-02-04 15:55:27.282', '7', 'Isla Verde'),
('642', '2026-02-04 15:55:27.283', '7', 'Italó'),
('643', '2026-02-04 15:55:27.284', '7', 'James Craik'),
('644', '2026-02-04 15:55:27.285', '7', 'Jesús María'),
('645', '2026-02-04 15:55:27.286', '7', 'Jovita'),
('646', '2026-02-04 15:55:27.288', '7', 'Justiniano Posse'),
('647', '2026-02-04 15:55:27.289', '7', 'Km 658'),
('648', '2026-02-04 15:55:27.29', '7', 'L. V. Mansilla'),
('649', '2026-02-04 15:55:27.291', '7', 'La Batea'),
('650', '2026-02-04 15:55:27.292', '7', 'La Calera'),
('651', '2026-02-04 15:55:27.294', '7', 'La Carlota'),
('652', '2026-02-04 15:55:27.295', '7', 'La Carolina'),
('653', '2026-02-04 15:55:27.296', '7', 'La Cautiva'),
('654', '2026-02-04 15:55:27.297', '7', 'La Cesira'),
('655', '2026-02-04 15:55:27.298', '7', 'La Cruz'),
('656', '2026-02-04 15:55:27.299', '7', 'La Cumbre'),
('657', '2026-02-04 15:55:27.301', '7', 'La Cumbrecita'),
('658', '2026-02-04 15:55:27.302', '7', 'La Falda'),
('659', '2026-02-04 15:55:27.303', '7', 'La Francia'),
('660', '2026-02-04 15:55:27.304', '7', 'La Granja'),
('661', '2026-02-04 15:55:27.305', '7', 'La Higuera'),
('662', '2026-02-04 15:55:27.307', '7', 'La Laguna'),
('663', '2026-02-04 15:55:27.308', '7', 'La Paisanita'),
('664', '2026-02-04 15:55:27.309', '7', 'La Palestina'),
('665', '2026-02-04 15:55:27.31', '7', '12'),
('666', '2026-02-04 15:55:27.312', '7', 'La Paquita'),
('667', '2026-02-04 15:55:27.313', '7', 'La Para'),
('668', '2026-02-04 15:55:27.314', '7', 'La Paz'),
('669', '2026-02-04 15:55:27.315', '7', 'La Playa'),
('670', '2026-02-04 15:55:27.316', '7', 'La Playosa'),
('671', '2026-02-04 15:55:27.317', '7', 'La Población'),
('672', '2026-02-04 15:55:27.319', '7', 'La Posta'),
('673', '2026-02-04 15:55:27.32', '7', 'La Puerta'),
('674', '2026-02-04 15:55:27.321', '7', 'La Quinta'),
('675', '2026-02-04 15:55:27.322', '7', 'La Rancherita'),
('676', '2026-02-04 15:55:27.324', '7', 'La Rinconada'),
('677', '2026-02-04 15:55:27.325', '7', 'La Serranita'),
('678', '2026-02-04 15:55:27.326', '7', 'La Tordilla'),
('679', '2026-02-04 15:55:27.327', '7', 'Laborde'),
('680', '2026-02-04 15:55:27.329', '7', 'Laboulaye'),
('681', '2026-02-04 15:55:27.33', '7', 'Laguna Larga'),
('682', '2026-02-04 15:55:27.331', '7', 'Las Acequias'),
('683', '2026-02-04 15:55:27.333', '7', 'Las Albahacas'),
('684', '2026-02-04 15:55:27.334', '7', 'Las Arrias'),
('685', '2026-02-04 15:55:27.335', '7', 'Las Bajadas'),
('686', '2026-02-04 15:55:27.336', '7', 'Las Caleras'),
('687', '2026-02-04 15:55:27.337', '7', 'Las Calles'),
('688', '2026-02-04 15:55:27.339', '7', 'Las Cañadas'),
('689', '2026-02-04 15:55:27.34', '7', 'Las Gramillas'),
('690', '2026-02-04 15:55:27.341', '7', 'Las Higueras'),
('691', '2026-02-04 15:55:27.343', '7', 'Las Isletillas'),
('692', '2026-02-04 15:55:27.344', '7', 'Las Junturas'),
('693', '2026-02-04 15:55:27.345', '7', 'Las Palmas'),
('694', '2026-02-04 15:55:27.347', '7', 'Las Peñas'),
('695', '2026-02-04 15:55:27.348', '7', 'Las Peñas Sud'),
('696', '2026-02-04 15:55:27.349', '7', 'Las Perdices'),
('697', '2026-02-04 15:55:27.351', '7', 'Las Playas'),
('698', '2026-02-04 15:55:27.352', '7', 'Las Rabonas'),
('699', '2026-02-04 15:55:27.354', '7', 'Las Saladas'),
('700', '2026-02-04 15:55:27.355', '7', 'Las Tapias'),
('701', '2026-02-04 15:55:27.356', '7', 'Las Varas'),
('702', '2026-02-04 15:55:27.357', '7', 'Las Varillas'),
('703', '2026-02-04 15:55:27.358', '7', 'Las Vertientes'),
('704', '2026-02-04 15:55:27.359', '7', 'Leguizamón'),
('705', '2026-02-04 15:55:27.361', '7', 'Leones'),
('706', '2026-02-04 15:55:27.362', '7', 'Los Cedros'),
('707', '2026-02-04 15:55:27.363', '7', 'Los Cerrillos'),
('708', '2026-02-04 15:55:27.364', '7', 'Los Chañaritos (C.E'),
('709', '2026-02-04 15:55:27.366', '7', 'Los Chanaritos (R.S'),
('710', '2026-02-04 15:55:27.367', '7', 'Los Cisnes'),
('711', '2026-02-04 15:55:27.368', '7', 'Los Cocos'),
('712', '2026-02-04 15:55:27.37', '7', 'Los Cóndores'),
('713', '2026-02-04 15:55:27.371', '7', 'Los Hornillos'),
('714', '2026-02-04 15:55:27.372', '7', 'Los Hoyos'),
('715', '2026-02-04 15:55:27.373', '7', 'Los Mistoles'),
('716', '2026-02-04 15:55:27.374', '7', 'Los Molinos'),
