-- Provincias (copiadas desde baxer-n)
-- Formato: (id, created_at, name)
INSERT INTO provinces (id, created_at, name) VALUES
('1', '2026-02-04 15:55:26.385', 'Buenos Aires'),
('2', '2026-02-04 15:55:26.388', 'Buenos Aires-GBA'),
('3', '2026-02-04 15:55:26.389', 'Capital Federal'),
('4', '2026-02-04 15:55:26.391', 'Catamarca'),
('5', '2026-02-04 15:55:26.392', 'Chaco'),
('6', '2026-02-04 15:55:26.394', 'Chubut'),
('7', '2026-02-04 15:55:26.395', 'Córdoba'),
('8', '2026-02-04 15:55:26.396', 'Corrientes'),
('9', '2026-02-04 15:55:26.397', 'Entre Ríos'),
('10', '2026-02-04 15:55:26.398', 'Formosa'),
('11', '2026-02-04 15:55:26.399', 'Jujuy'),
('12', '2026-02-04 15:55:26.4', 'La Pampa'),
('13', '2026-02-04 15:55:26.401', 'La Rioja'),
('14', '2026-02-04 15:55:26.403', 'Mendoza'),
('15', '2026-02-04 15:55:26.404', 'Misiones'),
('16', '2026-02-04 15:55:26.405', 'Neuquén'),
('17', '2026-02-04 15:55:26.406', 'Río Negro'),
('18', '2026-02-04 15:55:26.407', 'Salta'),
('19', '2026-02-04 15:55:26.409', 'San Juan'),
('20', '2026-02-04 15:55:26.41', 'San Luis'),
('21', '2026-02-04 15:55:26.411', 'Santa Cruz'),
('22', '2026-02-04 15:55:26.412', 'Santa Fe'),
('23', '2026-02-04 15:55:26.413', 'Santiago del Estero'),
('24', '2026-02-04 15:55:26.414', 'Tierra del Fuego'),
('25', '2026-02-04 15:55:26.415', 'Tucumán');
